REPLACE INTO `creature_classlevelstats` (`level`, `class`, `basehp0`, `basehp1`, `basehp2`, `basemana`, `basearmor`, `attackpower`, `rangedattackpower`, `damage_base`) VALUES

-- Class 2 levels: 100-255,
(100, 2, 5486, 8679, 15677, 4747, 12110, 186, 81, 1),
(101, 2, 5804, 9182, 16587, 5022, 12813, 304, 132, 1),
(102, 2, 6122, 9685, 17497, 5297, 13516, 422, 183, 1),
(103, 2, 6440, 10188, 18407, 5572, 14219, 540, 234, 1),
(104, 2, 6758, 10691, 19317, 5847, 14922, 658, 285, 1),
(105, 2, 7076, 11194, 20227, 6122, 15625, 776, 336, 1),
(106, 2, 7394, 11697, 21137, 6397, 16328, 894, 387, 1),
(107, 2, 7712, 12200, 22047, 6672, 17031, 1012, 438, 1),
(108, 2, 8030, 12703, 22957, 6947, 17734, 1130, 489, 1),
(109, 2, 8348, 13206, 23867, 7222, 18437, 1248, 540, 1),
(110, 2, 8666, 13709, 24777, 7497, 19140, 1366, 591, 1),
(111, 2, 8984, 14212, 25687, 7772, 19843, 1484, 642, 1),
(112, 2, 9302, 14715, 26597, 8047, 20546, 1602, 693, 1),
(113, 2, 9620, 15218, 27507, 8322, 21249, 1720, 744, 1),
(114, 2, 9938, 15721, 28417, 8597, 21952, 1838, 795, 1),
(115, 2, 10256, 16224, 29327, 8872, 22655, 1956, 846, 1),
(116, 2, 10574, 16727, 30237, 9147, 23358, 2074, 897, 1),
(117, 2, 10892, 17230, 31147, 9422, 24061, 2192, 948, 1),
(118, 2, 11210, 17733, 32057, 9697, 24764, 2310, 999, 1),
(119, 2, 11528, 18236, 32967, 9972, 25467, 2428, 1050, 1),
(120, 2, 11846, 18739, 33877, 10247, 26170, 2546, 1101, 1),
(121, 2, 12164, 19242, 34787, 10522, 26873, 2664, 1152, 1),
(122, 2, 12482, 19745, 35697, 10797, 27576, 2782, 1203, 1),
(123, 2, 12800, 20248, 36607, 11072, 28279, 2900, 1254, 1),
(124, 2, 13118, 20751, 37517, 11347, 28982, 3018, 1305, 1),
(125, 2, 13436, 21254, 38427, 11622, 29685, 3136, 1356, 1),
(126, 2, 13754, 21757, 39337, 11897, 30388, 3254, 1407, 1),
(127, 2, 14072, 22260, 40247, 12172, 31091, 3372, 1458, 1),
(128, 2, 14390, 22763, 41157, 12447, 31794, 3490, 1509, 1),
(129, 2, 14708, 23266, 42067, 12722, 32497, 3608, 1560, 1),
(130, 2, 15026, 23769, 42977, 12997, 33200, 3726, 1611, 1),
(131, 2, 15344, 24272, 43887, 13272, 33903, 3844, 1662, 1),
(132, 2, 15662, 24775, 44797, 13547, 34606, 3962, 1713, 1),
(133, 2, 15980, 25278, 45707, 13822, 35309, 4080, 1764, 1),
(134, 2, 16298, 25781, 46617, 14097, 36012, 4198, 1815, 1),
(135, 2, 16616, 26284, 47527, 14372, 36715, 4316, 1866, 1),
(136, 2, 16934, 26787, 48437, 14647, 37418, 4434, 1917, 1),
(137, 2, 17252, 27290, 49347, 14922, 38121, 4552, 1968, 1),
(138, 2, 17570, 27793, 50257, 15197, 38824, 4670, 2019, 1),
(139, 2, 17888, 28296, 51167, 15472, 39527, 4788, 2070, 1),
(140, 2, 18206, 28799, 52077, 15747, 40230, 4906, 2121, 1),
(141, 2, 18524, 29302, 52987, 16022, 40933, 5024, 2172, 1),
(142, 2, 18842, 29805, 53897, 16297, 41636, 5142, 2223, 1),
(143, 2, 19160, 30308, 54807, 16572, 42339, 5260, 2274, 1),
(144, 2, 19478, 30811, 55717, 16847, 43042, 5378, 2325, 1),
(145, 2, 19796, 31314, 56627, 17122, 43745, 5496, 2376, 1),
(146, 2, 20114, 31817, 57537, 17397, 44448, 5614, 2427, 1),
(147, 2, 20432, 32320, 58447, 17672, 45151, 5732, 2478, 1),
(148, 2, 20750, 32823, 59357, 17947, 45854, 5850, 2529, 1),
(149, 2, 21068, 33326, 60267, 18222, 46557, 5968, 2580, 1),
(150, 2, 21386, 33829, 61177, 18497, 47260, 6086, 2631, 1),
(151, 2, 21704, 34332, 62087, 18772, 47963, 6204, 2682, 1),
(152, 2, 22022, 34835, 62997, 19047, 48666, 6322, 2733, 1),
(153, 2, 22340, 35338, 63907, 19322, 49369, 6440, 2784, 1),
(154, 2, 22658, 35841, 64817, 19597, 50072, 6558, 2835, 1),
(155, 2, 22976, 36344, 65727, 19872, 50775, 6676, 2886, 1),
(156, 2, 23294, 36847, 66637, 20147, 51478, 6794, 2937, 1),
(157, 2, 23612, 37350, 67547, 20422, 52181, 6912, 2988, 1),
(158, 2, 23930, 37853, 68457, 20697, 52884, 7030, 3039, 1),
(159, 2, 24248, 38356, 69367, 20972, 53587, 7148, 3090, 1),
(160, 2, 24566, 38859, 70277, 21247, 54290, 7266, 3141, 1),
(161, 2, 24884, 39362, 71187, 21522, 54993, 7384, 3192, 1),
(162, 2, 25202, 39865, 72097, 21797, 55696, 7502, 3243, 1),
(163, 2, 25520, 40368, 73007, 22072, 56399, 7620, 3294, 1),
(164, 2, 25838, 40871, 73917, 22347, 57102, 7738, 3345, 1),
(165, 2, 26156, 41374, 74827, 22622, 57805, 7856, 3396, 1),
(166, 2, 26474, 41877, 75737, 22897, 58508, 7974, 3447, 1),
(167, 2, 26792, 42380, 76647, 23172, 59211, 8092, 3498, 1),
(168, 2, 27110, 42883, 77557, 23447, 59914, 8210, 3549, 1),
(169, 2, 27428, 43386, 78467, 23722, 60617, 8328, 3600, 1),
(170, 2, 27746, 43889, 79377, 23997, 61320, 8446, 3651, 1),
(171, 2, 28064, 44392, 80287, 24272, 62023, 8564, 3702, 1),
(172, 2, 28382, 44895, 81197, 24547, 62726, 8682, 3753, 1),
(173, 2, 28700, 45398, 82107, 24822, 63429, 8800, 3804, 1),
(174, 2, 29018, 45901, 83017, 25097, 64132, 8918, 3855, 1),
(175, 2, 29336, 46404, 83927, 25372, 64835, 9036, 3906, 1),
(176, 2, 29654, 46907, 84837, 25647, 65538, 9154, 3957, 1),
(177, 2, 29972, 47410, 85747, 25922, 66241, 9272, 4008, 1),
(178, 2, 30290, 47913, 86657, 26197, 66944, 9390, 4059, 1),
(179, 2, 30608, 48416, 87567, 26472, 67647, 9508, 4110, 1),
(180, 2, 30926, 48919, 88477, 26747, 68350, 9626, 4161, 1),
(181, 2, 31244, 49422, 89387, 27022, 69053, 9744, 4212, 1),
(182, 2, 31562, 49925, 90297, 27297, 69756, 9862, 4263, 1),
(183, 2, 31880, 50428, 91207, 27572, 70459, 9980, 4314, 1),
(184, 2, 32198, 50931, 92117, 27847, 71162, 10098, 4365, 1),
(185, 2, 32516, 51434, 93027, 28122, 71865, 10216, 4416, 1),
(186, 2, 32834, 51937, 93937, 28397, 72568, 10334, 4467, 1),
(187, 2, 33152, 52440, 94847, 28672, 73271, 10452, 4518, 1),
(188, 2, 33470, 52943, 95757, 28947, 73974, 10570, 4569, 1),
(189, 2, 33788, 53446, 96667, 29222, 74677, 10688, 4620, 1),
(190, 2, 34106, 53949, 97577, 29497, 75380, 10806, 4671, 1),
(191, 2, 34424, 54452, 98487, 29772, 76083, 10924, 4722, 1),
(192, 2, 34742, 54955, 99397, 30047, 76786, 11042, 4773, 1),
(193, 2, 35060, 55458, 100307, 30322, 77489, 11160, 4824, 1),
(194, 2, 35378, 55961, 101217, 30597, 78192, 11278, 4875, 1),
(195, 2, 35696, 56464, 102127, 30872, 78895, 11396, 4926, 1),
(196, 2, 36014, 56967, 103037, 31147, 79598, 11514, 4977, 1),
(197, 2, 36332, 57470, 103947, 31422, 80301, 11632, 5028, 1),
(198, 2, 36650, 57973, 104857, 31697, 81004, 11750, 5079, 1),
(199, 2, 36968, 58476, 105767, 31972, 81707, 11868, 5130, 1),
(200, 2, 37286, 58979, 106677, 32247, 82410, 11986, 5181, 1),
(201, 2, 37604, 59482, 107587, 32522, 83113, 12104, 5232, 1),
(202, 2, 37922, 59985, 108497, 32797, 83816, 12222, 5283, 1),
(203, 2, 38240, 60488, 109407, 33072, 84519, 12340, 5334, 1),
(204, 2, 38558, 60991, 110317, 33347, 85222, 12458, 5385, 1),
(205, 2, 38876, 61494, 111227, 33622, 85925, 12576, 5436, 1),
(206, 2, 39194, 61997, 112137, 33897, 86628, 12694, 5487, 1),
(207, 2, 39512, 62500, 113047, 34172, 87331, 12812, 5538, 1),
(208, 2, 39830, 63003, 113957, 34447, 88034, 12930, 5589, 1),
(209, 2, 40148, 63506, 114867, 34722, 88737, 13048, 5640, 1),
(210, 2, 40466, 64009, 115777, 34997, 89440, 13166, 5691, 1),
(211, 2, 40784, 64512, 116687, 35272, 90143, 13284, 5742, 1),
(212, 2, 41102, 65015, 117597, 35547, 90846, 13402, 5793, 1),
(213, 2, 41420, 65518, 118507, 35822, 91549, 13520, 5844, 1),
(214, 2, 41738, 66021, 119417, 36097, 92252, 13638, 5895, 1),
(215, 2, 42056, 66524, 120327, 36372, 92955, 13756, 5946, 1),
(216, 2, 42374, 67027, 121237, 36647, 93658, 13874, 5997, 1),
(217, 2, 42692, 67530, 122147, 36922, 94361, 13992, 6048, 1),
(218, 2, 43010, 68033, 123057, 37197, 95064, 14110, 6099, 1),
(219, 2, 43328, 68536, 123967, 37472, 95767, 14228, 6150, 1),
(220, 2, 43646, 69039, 124877, 37747, 96470, 14346, 6201, 1),
(221, 2, 43964, 69542, 125787, 38022, 97173, 14464, 6252, 1),
(222, 2, 44282, 70045, 126697, 38297, 97876, 14582, 6303, 1),
(223, 2, 44600, 70548, 127607, 38572, 98579, 14700, 6354, 1),
(224, 2, 44918, 71051, 128517, 38847, 99282, 14818, 6405, 1),
(225, 2, 45236, 71554, 129427, 39122, 99985, 14936, 6456, 1),
(226, 2, 45554, 72057, 130337, 39397, 100688, 15054, 6507, 1),
(227, 2, 45872, 72560, 131247, 39672, 101391, 15172, 6558, 1),
(228, 2, 46190, 73063, 132157, 39947, 102094, 15290, 6609, 1),
(229, 2, 46508, 73566, 133067, 40222, 102797, 15408, 6660, 1),
(230, 2, 46826, 74069, 133977, 40497, 103500, 15526, 6711, 1),
(231, 2, 47144, 74572, 134887, 40772, 104203, 15644, 6762, 1),
(232, 2, 47462, 75075, 135797, 41047, 104906, 15762, 6813, 1),
(233, 2, 47780, 75578, 136707, 41322, 105609, 15880, 6864, 1),
(234, 2, 48098, 76081, 137617, 41597, 106312, 15998, 6915, 1),
(235, 2, 48416, 76584, 138527, 41872, 107015, 16116, 6966, 1),
(236, 2, 48734, 77087, 139437, 42147, 107718, 16234, 7017, 1),
(237, 2, 49052, 77590, 140347, 42422, 108421, 16352, 7068, 1),
(238, 2, 49370, 78093, 141257, 42697, 109124, 16470, 7119, 1),
(239, 2, 49688, 78596, 142167, 42972, 109827, 16588, 7170, 1),
(240, 2, 50006, 79099, 143077, 43247, 110530, 16706, 7221, 1),
(241, 2, 50324, 79602, 143987, 43522, 111233, 16824, 7272, 1),
(242, 2, 50642, 80105, 144897, 43797, 111936, 16942, 7323, 1),
(243, 2, 50960, 80608, 145807, 44072, 112639, 17060, 7374, 1),
(244, 2, 51278, 81111, 146717, 44347, 113342, 17178, 7425, 1),
(245, 2, 51596, 81614, 147627, 44622, 114045, 17296, 7476, 1),
(246, 2, 51914, 82117, 148537, 44897, 114748, 17414, 7527, 1),
(247, 2, 52232, 82620, 149447, 45172, 115451, 17532, 7578, 1),
(248, 2, 52550, 83123, 150357, 45447, 116154, 17650, 7629, 1),
(249, 2, 52868, 83626, 151267, 45722, 116857, 17768, 7680, 1),
(250, 2, 53186, 84129, 152177, 45997, 117560, 17886, 7731, 1),
(251, 2, 53504, 84632, 153087, 46272, 118263, 18004, 7782, 1),
(252, 2, 53822, 85135, 153997, 46547, 118966, 18122, 7833, 1),
(253, 2, 54140, 85638, 154907, 46822, 119669, 18240, 7884, 1),
(254, 2, 54458, 86141, 155817, 47097, 120372, 18358, 7935, 1),
(255, 2, 54776, 86644, 156727, 47372, 121075, 18476, 7986, 1);
